image_width: 640
image_height: 480
camera_name: narrow_stereo
camera_matrix:
  rows: 3
  cols: 3
  data: [576.83946,   0.     , 319.59192,
           0.     , 577.82786, 238.89255,
           0.     ,   0.     ,   1.     ]
distortion_model: plumb_bob
distortion_coefficients:
  rows: 1
  cols: 5
  data: [0.001750, -0.003776, -0.000528, -0.000228, 0.000000]
rectification_matrix:
  rows: 3
  cols: 3
  data: [1., 0., 0.,
         0., 1., 0.,
         0., 0., 1.]
projection_matrix:
  rows: 3
  cols: 4
  data: [576.18475,   0.     , 318.9549 ,   0.     ,
           0.     , 576.86597, 238.19164,   0.     ,
           0.     ,   0.     ,   1.     ,   0.     ]
